0.0000000e+00
4.8016039e-02
8.2214749e-02
1.1025422e-01
1.3425920e-01
1.5506782e-01
1.7319862e-01
1.8892578e-01
2.0267814e-01
2.1501011e-01
2.2650303e-01
2.3753376e-01
2.4835441e-01
2.5911333e-01
2.6963607e-01
2.7968135e-01
2.8910839e-01
2.9787395e-01
3.0597144e-01
3.1344417e-01
3.2034200e-01
3.2674751e-01
3.3271602e-01
3.3827835e-01
3.4349632e-01
3.4842326e-01
3.5308219e-01
3.5753619e-01
3.6188355e-01
3.6618400e-01
3.7049233e-01
3.7486445e-01
3.7936381e-01
3.8406964e-01
3.8915597e-01
3.9482473e-01
4.0163788e-01
4.1082626e-01
4.2379068e-01
4.3718228e-01
4.4690862e-01
4.5386390e-01
4.5942907e-01
4.6408427e-01
4.6817078e-01
4.7183245e-01
4.7517300e-01
4.7825183e-01
4.8106116e-01
4.8372078e-01
4.8626593e-01
4.8859625e-01
4.9086665e-01
4.9300729e-01
4.9506774e-01
4.9704179e-01
4.9894315e-01
5.0077029e-01
5.0255743e-01
5.0426974e-01
5.0597759e-01
5.0761330e-01
5.0924901e-01
5.1085420e-01
5.1244372e-01
5.1402929e-01
5.1559841e-01
5.1716753e-01
5.1873906e-01
5.2031164e-01
5.2188978e-01
5.2349002e-01
5.2509026e-01
5.2673136e-01
5.2838609e-01
5.3007385e-01
5.3181549e-01
5.3357377e-01
5.3544493e-01
5.3732232e-01
5.3938375e-01
5.4148234e-01
5.4382874e-01
5.4638141e-01
5.4921994e-01
5.5277478e-01
5.5764120e-01
5.6522979e-01
5.7688423e-01
5.8488872e-01
5.8979760e-01
5.9345207e-01
5.9644101e-01
5.9884935e-01
6.0101111e-01
6.0294727e-01
6.0474078e-01
6.0638977e-01
6.0801764e-01
6.0948851e-01
6.1095939e-01
6.1237885e-01
6.1373608e-01
6.1509331e-01
6.1641080e-01
6.1769745e-01
6.1898410e-01
6.2025096e-01
6.2149921e-01
6.2274746e-01
6.2399144e-01
6.2522827e-01
6.2646509e-01
6.2770477e-01
6.2895569e-01
6.3020660e-01
6.3146033e-01
6.3275266e-01
6.3404499e-01
6.3533981e-01
6.3670654e-01
6.3807328e-01
6.3945955e-01
6.4094536e-01
6.4243116e-01
6.4401497e-01
6.4568751e-01
6.4741454e-01
6.4938958e-01
6.5145719e-01
6.5390806e-01
6.5674909e-01
6.6015342e-01
6.6457692e-01
6.7070488e-01
6.7968978e-01
6.8803102e-01
6.9381417e-01
6.9795952e-01
7.0114377e-01
7.0386649e-01
7.0635486e-01
7.0855125e-01
7.1064118e-01
7.1258981e-01
7.1446648e-01
7.1624265e-01
7.1799314e-01
7.1964662e-01
7.2130011e-01
7.2288047e-01
7.2444666e-01
7.2599265e-01
7.2749834e-01
7.2900402e-01
7.3048137e-01
7.3194820e-01
7.3341389e-01
7.3486048e-01
7.3630707e-01
7.3775259e-01
7.3919609e-01
7.4063959e-01
7.4209178e-01
7.4354912e-01
7.4500646e-01
7.4649357e-01
7.4798268e-01
7.4948707e-01
7.5102651e-01
7.5256596e-01
7.5414786e-01
7.5574345e-01
7.5735511e-01
7.5900452e-01
7.6065393e-01
7.6234986e-01
7.6404979e-01
7.6577811e-01
7.6752428e-01
7.6928556e-01
7.7107276e-01
7.7286603e-01
7.7468811e-01
7.7651079e-01
7.7836077e-01
7.8021075e-01
7.8207896e-01
7.8394915e-01
7.8582899e-01
7.8771117e-01
7.8959585e-01
7.9148148e-01
7.9336379e-01
7.9524424e-01
7.9711707e-01
7.9898384e-01
8.0084223e-01
8.0269061e-01
8.0453585e-01
8.0637485e-01
8.0821441e-01
8.1005617e-01
8.1189901e-01
8.1375577e-01
8.1561253e-01
8.1749604e-01
8.1938066e-01
8.2130210e-01
8.2322859e-01
8.2520381e-01
8.2718805e-01
8.2923854e-01
8.3129915e-01
8.3345527e-01
8.3563386e-01
8.3792106e-01
8.4027983e-01
8.4273191e-01
8.4536404e-01
8.4813685e-01
8.5110655e-01
8.5442920e-01
8.5810186e-01
8.6218182e-01
8.6672885e-01
8.7181864e-01
8.7728610e-01
8.8292820e-01
8.8842999e-01
8.9357208e-01
8.9822106e-01
9.0237053e-01
9.0616354e-01
9.0970040e-01
9.1303557e-01
9.1624178e-01
9.1935257e-01
9.2239115e-01
9.2537215e-01
9.2830501e-01
9.3122125e-01
9.3412910e-01
9.3703829e-01
9.3997273e-01
9.4294118e-01
9.4595530e-01
9.4903050e-01
9.5222436e-01
9.5554376e-01
9.5903104e-01
9.6275148e-01
9.6680989e-01
9.7138557e-01
9.7689058e-01
1.0000000e+00
