0.0000000e+00
4.9555996e-02
8.7000068e-02
1.1798020e-01
1.4297418e-01
1.6298143e-01
1.7995381e-01
1.9506974e-01
2.0893458e-01
2.2188393e-01
2.3414141e-01
2.4585335e-01
2.5711342e-01
2.6784827e-01
2.7794021e-01
2.8733271e-01
2.9605459e-01
3.0415728e-01
3.1172965e-01
3.1887517e-01
3.2567278e-01
3.3215351e-01
3.3838648e-01
3.4439849e-01
3.5020905e-01
3.5584722e-01
3.6132394e-01
3.6663858e-01
3.7181760e-01
3.7685839e-01
3.8176205e-01
3.8654843e-01
3.9122237e-01
3.9578852e-01
4.0024646e-01
4.0460343e-01
4.0887437e-01
4.1306819e-01
4.1719279e-01
4.2125524e-01
4.2526188e-01
4.2921844e-01
4.3313008e-01
4.3700156e-01
4.4083720e-01
4.4464100e-01
4.4841665e-01
4.5216691e-01
4.5589202e-01
4.5958957e-01
4.6325707e-01
4.6689231e-01
4.7049227e-01
4.7405301e-01
4.7757542e-01
4.8105833e-01
4.8450081e-01
4.8790222e-01
4.9126219e-01
4.9458056e-01
4.9785443e-01
5.0107810e-01
5.0425700e-01
5.0738880e-01
5.1047195e-01
5.1350015e-01
5.1645842e-01
5.1936347e-01
5.2221721e-01
5.2500741e-01
5.2772727e-01
5.3039979e-01
5.3301847e-01
5.3556049e-01
5.3806321e-01
5.4050759e-01
5.4288909e-01
5.4524150e-01
5.4751379e-01
5.4975811e-01
5.5194747e-01
5.5409786e-01
5.5621586e-01
5.5829420e-01
5.6035511e-01
5.6238061e-01
5.6439681e-01
5.6638442e-01
5.6836685e-01
5.7032863e-01
5.7228727e-01
5.7423334e-01
5.7617748e-01
5.7811684e-01
5.8005535e-01
5.8199642e-01
5.8393803e-01
5.8588926e-01
5.8784279e-01
5.8981314e-01
5.9178773e-01
5.9378736e-01
5.9579274e-01
5.9783364e-01
5.9988046e-01
6.0197533e-01
6.0407696e-01
6.0622706e-01
6.0838980e-01
6.1059080e-01
6.1281475e-01
6.1506493e-01
6.1734916e-01
6.1964712e-01
6.2198885e-01
6.2434480e-01
6.2672808e-01
6.2913798e-01
6.3156212e-01
6.3401804e-01
6.3648852e-01
6.3897475e-01
6.4148431e-01
6.4400358e-01
6.4653670e-01
6.4908252e-01
6.5163394e-01
6.5419202e-01
6.5674883e-01
6.5930275e-01
6.6184626e-01
6.6437454e-01
6.6689145e-01
6.6937772e-01
6.7184192e-01
6.7428517e-01
6.7668182e-01
6.7905802e-01
6.8139142e-01
6.8368687e-01
6.8595573e-01
6.8816500e-01
6.9035894e-01
6.9248552e-01
6.9459455e-01
6.9664568e-01
6.9867224e-01
7.0064678e-01
7.0259814e-01
7.0450340e-01
7.0639328e-01
7.0824284e-01
7.1008557e-01
7.1189135e-01
7.1369713e-01
7.1547011e-01
7.1724256e-01
7.1899656e-01
7.2074511e-01
7.2248561e-01
7.2421896e-01
7.2595045e-01
7.2767685e-01
7.2940326e-01
7.3113079e-01
7.3285833e-01
7.3459256e-01
7.3632933e-01
7.3807432e-01
7.3982868e-01
7.4158918e-01
7.4337002e-01
7.4515193e-01
7.4696891e-01
7.4878589e-01
7.5064301e-01
7.5250605e-01
7.5440673e-01
7.5631887e-01
7.5826532e-01
7.6022540e-01
7.6221863e-01
7.6422509e-01
7.6626530e-01
7.6831615e-01
7.7040264e-01
7.7249550e-01
7.7462657e-01
7.7676351e-01
7.7893158e-01
7.8111022e-01
7.8331067e-01
7.8552655e-01
7.8775537e-01
7.9000304e-01
7.9225673e-01
7.9452894e-01
7.9680575e-01
7.9909242e-01
8.0138571e-01
8.0368337e-01
8.0599358e-01
8.0830902e-01
8.1063951e-01
8.1298235e-01
8.1533672e-01
8.1771597e-01
8.2010677e-01
8.2252531e-01
8.2496793e-01
8.2742764e-01
8.2993486e-01
8.3246620e-01
8.3502936e-01
8.3764982e-01
8.4030651e-01
8.4300696e-01
8.4578757e-01
8.4862480e-01
8.5152525e-01
8.5451116e-01
8.5758349e-01
8.6072315e-01
8.6392839e-01
8.6719530e-01
8.7051877e-01
8.7389375e-01
8.7729962e-01
8.8072496e-01
8.8415734e-01
8.8758399e-01
8.9099241e-01
8.9437102e-01
8.9770312e-01
9.0097720e-01
9.0420185e-01
9.0738737e-01
9.1054404e-01
9.1368082e-01
9.1680823e-01
9.1994040e-01
9.2308547e-01
9.2625216e-01
9.2945021e-01
9.3270630e-01
9.3602638e-01
9.3942652e-01
9.4292831e-01
9.4656023e-01
9.5036095e-01
9.5438468e-01
9.5871001e-01
9.6345579e-01
9.6883634e-01
9.7554136e-01
1.0000000e+00
