0.0000000e+00
4.8340869e-02
8.4890359e-02
1.1436685e-01
1.3825125e-01
1.5767798e-01
1.7434256e-01
1.8955371e-01
2.0394978e-01
2.1773006e-01
2.3079543e-01
2.4306441e-01
2.5452485e-01
2.6522118e-01
2.7523259e-01
2.8460592e-01
2.9342422e-01
3.0173564e-01
3.0957926e-01
3.1698060e-01
3.2397287e-01
3.3059599e-01
3.3688046e-01
3.4283080e-01
3.4851219e-01
3.5391995e-01
3.5910758e-01
3.6412053e-01
3.6897506e-01
3.7369165e-01
3.7830074e-01
3.8281644e-01
3.8725113e-01
3.9161577e-01
3.9592013e-01
4.0017132e-01
4.0437581e-01
4.0853281e-01
4.1263864e-01
4.1669012e-01
4.2068460e-01
4.2461997e-01
4.2849461e-01
4.3230739e-01
4.3605764e-01
4.3974512e-01
4.4336999e-01
4.4693024e-01
4.5042304e-01
4.5385642e-01
4.5723722e-01
4.6057184e-01
4.6386590e-01
4.6712433e-01
4.7034898e-01
4.7354271e-01
4.7671462e-01
4.7986787e-01
4.8300535e-01
4.8612919e-01
4.8924131e-01
4.9234771e-01
4.9545071e-01
4.9855251e-01
5.0165581e-01
5.0475765e-01
5.0785115e-01
5.1093116e-01
5.1399286e-01
5.1702283e-01
5.2001721e-01
5.2297648e-01
5.2589890e-01
5.2876820e-01
5.3158408e-01
5.3435650e-01
5.3708231e-01
5.3973391e-01
5.4234287e-01
5.4490675e-01
5.4739188e-01
5.4984121e-01
5.5223426e-01
5.5457174e-01
5.5688524e-01
5.5912998e-01
5.6135861e-01
5.6354210e-01
5.6570035e-01
5.6782981e-01
5.6992946e-01
5.7201127e-01
5.7406198e-01
5.7610185e-01
5.7811160e-01
5.8011470e-01
5.8209017e-01
5.8406119e-01
5.8600799e-01
5.8795123e-01
5.8987417e-01
5.9179362e-01
5.9369681e-01
5.9559620e-01
5.9748324e-01
5.9936607e-01
6.0124005e-01
6.0310955e-01
6.0497297e-01
6.0683174e-01
6.0868671e-01
6.1053715e-01
6.1238559e-01
6.1423006e-01
6.1607376e-01
6.1791457e-01
6.1975526e-01
6.2159466e-01
6.2343407e-01
6.2527429e-01
6.2711456e-01
6.2895740e-01
6.3080080e-01
6.3264795e-01
6.3449679e-01
6.3635004e-01
6.3820664e-01
6.4006788e-01
6.4193463e-01
6.4380588e-01
6.4568526e-01
6.4756872e-01
6.4946329e-01
6.5136120e-01
6.5327257e-01
6.5518634e-01
6.5711408e-01
6.5904359e-01
6.6098699e-01
6.6293182e-01
6.6489016e-01
6.6684981e-01
6.6882229e-01
6.7079617e-01
6.7278198e-01
6.7476940e-01
6.7676768e-01
6.7876789e-01
6.8077774e-01
6.8278988e-01
6.8481037e-01
6.8683353e-01
6.8886370e-01
6.9089686e-01
6.9293573e-01
6.9497782e-01
6.9702437e-01
6.9907426e-01
7.0112746e-01
7.0318415e-01
7.0524323e-01
7.0730602e-01
7.0937050e-01
7.1143884e-01
7.1350822e-01
7.1558155e-01
7.1765536e-01
7.1973306e-01
7.2181115e-01
7.2389226e-01
7.2597403e-01
7.2805803e-01
7.3014285e-01
7.3222923e-01
7.3431647e-01
7.3640470e-01
7.3849371e-01
7.4058327e-01
7.4267341e-01
7.4476378e-01
7.4685439e-01
7.4894504e-01
7.5103576e-01
7.5312671e-01
7.5522005e-01
7.5731480e-01
7.5941473e-01
7.6151837e-01
7.6362897e-01
7.6574685e-01
7.6787231e-01
7.7001017e-01
7.7215486e-01
7.7431901e-01
7.7648777e-01
7.7868505e-01
7.8088991e-01
7.8312121e-01
7.8537101e-01
7.8764206e-01
7.8994713e-01
7.9226669e-01
7.9463683e-01
7.9703082e-01
7.9946183e-01
8.0194569e-01
8.0445881e-01
8.0702566e-01
8.0963728e-01
8.1228187e-01
8.1497718e-01
8.1771611e-01
8.2048781e-01
8.2329723e-01
8.2615250e-01
8.2903615e-01
8.3194742e-01
8.3488944e-01
8.3785862e-01
8.4084532e-01
8.4384703e-01
8.4686152e-01
8.4988433e-01
8.5291080e-01
8.5594181e-01
8.5897881e-01
8.6202760e-01
8.6508925e-01
8.6816519e-01
8.7125770e-01
8.7437064e-01
8.7751314e-01
8.8068264e-01
8.8388251e-01
8.8711659e-01
8.9038924e-01
8.9371289e-01
8.9709028e-01
9.0052468e-01
9.0402331e-01
9.0759424e-01
9.1124681e-01
9.1499196e-01
9.1884274e-01
9.2281472e-01
9.2692670e-01
9.3120159e-01
9.3566756e-01
9.4035968e-01
9.4533442e-01
9.5070714e-01
9.5652383e-01
9.6307570e-01
9.7069055e-01
9.8032978e-01
1.0000000e+00
