380	0.00417470528453225
381	0.00148000755614472
382	0.00159064362432493
383	0.000847908915913796
384	0.00116486913631838
385	0.00185869883784269
386	0.00301153139716113
387	0.00451324699814936
388	0.00152834235426678
389	-0.000300106703037573
390	0.00230662956667683
391	0.00241254632929139
392	0.00385516849705937
393	0.00117101488263636
394	-0.000247343599575959
395	1.37762157271923e-05
396	0.00339308481779585
397	0.00123968483381096
398	0.00651612175364573
399	0.00644241267805909
400	0.00489213738535631
401	0.00176976969086192
402	-0.0016381166252276
403	0.00327148846043256
404	0.00335319808163926
405	0.00304441902287593
406	0.00147152542432364
407	0.000637633995661551
408	0.00251874843517463
409	0.00359177694868759
410	0.00501120893912818
411	0.00302925012107123
412	0.00306992481937297
413	0.00506823634103121
414	0.000469178269084009
415	0.00379286106316368
416	0.00215851623618585
417	0.00422883363579515
418	0.00465554580442552
419	0.00255652201470381
420	0.005646767696389
421	0.00407751445154027
422	0.00213676883015843
423	0.000675439784715706
424	0.00256962996601884
425	0.00601160971116803
426	0.00187525093881155
427	0.00161923132986108
428	-0.000583540974424897
429	0.00329804099294625
430	0.000174136404759034
431	-0.00125440559342336
432	0.00289123624246925
433	0.00514283463454895
434	0.00262736559823473
435	0.00353154954904832
436	0.00181255233147173
437	0.000502429276765412
438	0.00500759759663854
439	0.00733277839744903
440	0.00190217458396112
441	0.00332401029627835
442	0.00152187417480721
443	0.00810119368219015
444	0.00353940758172696
445	0.00406798257271795
446	0.00510245288913547
447	0.0057650783028188
448	0.00445521217963428
449	0.00485478402509967
450	0.00337192941037791
451	0.00470201052835017
452	0.00677542519992
453	0.000159210812282423
454	0.00595788292307932
455	0.00080485254151301
456	0.00342081473614268
457	0.00357209213959189
458	0.00424881179490934
459	0.000826720672391227
460	0.00826168303418974
461	0.00542770745741743
462	0.00485654379908458
463	-0.000535604851328072
464	0.00569760603023065
465	0.00209401279346448
466	0.00500829230315181
467	0.00402083746198637
468	0.00251763680234692
469	0.00216902029701845
470	0.00439834159383752
471	0.00179168147182535
472	0.00715798267999699
473	0.0038765402483573
474	0.00531656830076758
475	0.00533477741480381
476	0.000180434572170353
477	0.0045319667144963
478	0.00377094970705188
479	0.00275034885356159
480	0.00142158622936
481	0.00594406667502269
482	0.00420005818524077
483	0.000429522212305821
484	0.00338285527179782
485	0.00248680080267498
486	0.00442801439213674
487	0.000998508953572582
488	0.00405788907181689
489	0.00339980687420669
490	0.002831024462874
491	0.00162839652535739
492	0.00440596649234135
493	0.00554186497285281
494	0.00183109440764521
495	0.00326166392780464
496	0.00398540259773376
497	0.00962762060964139
498	0.00178566355146319
499	0.00382529004879194
500	0.00352685819400034
501	0.00278631390800537
502	-0.000187671851144184
503	0.00339210609548723
504	0.00364108208385841
505	0.00397651233962847
506	0.00278945950789669
507	0.00542816686994433
508	-0.000104820396455936
509	0.0025450274939967
510	0.00430463605620961
511	0.00592442672845488
512	0.00218245291371103
513	0.00270651407790068
514	0.00656803669624851
515	0.0036889376090554
516	0.00163581086342851
517	0.00399899364529017
518	0.00602851545640016
519	0.00511685907579285
520	0.00249301784420837
521	0.00548005145787686
522	0.00188684679269992
523	0.00355278931935102
524	0.0039546412569304
525	0.00227702911062768
526	0.00656317498379507
527	0.00455639045081937
528	0.00240193828739707
529	0.00627860501420027
530	0.000571004168840242
531	0.00635806118774872
532	0.00384377427700825
533	0.00143760084586836
534	0.00167972920099491
535	0.00326042245517345
536	-0.000476622353031421
537	0.00487375629143814
538	0.00336572502838785
539	0.000672016805973967
540	0.00331565971424086
541	0.0021257176040432
542	0.000676850768353751
543	0.00134725583235716
544	0.00474417772188761
545	-0.000442071876131882
546	0.00378719748263864
547	0.00598405416506552
548	0.00511141945126239
549	0.00537312100695201
550	0.00301414511320409
551	0.0029750277854772
552	0.00289222865958384
553	0.002013781574
554	0.00228795885611832
555	0.000448462224889132
556	0.000854233607424013
557	0.00108279527170089
558	0.00272456156564103
559	0.0021238439436495
560	0.000628377310205102
561	0.00243553112991504
562	0.000805997802104089
563	0.00717326847691736
564	0.00349098042026586
565	0.00364231835723658
566	0.00195152538882023
567	0.000654937434353522
568	0.00222386919457532
569	0.00372828726599057
570	0.00224120053073919
571	0.00107747027282029
572	0.00141346681321117
573	0.00344597620051607
574	0.00318361901904721
575	0.00220560969001132
576	0.000907698605432977
577	0.00134623259774242
578	0.00321604541828247
579	0.00251187691309653
580	-0.000549974759444612
581	0.00446743857203234
582	0.00127658286995126
583	-0.000439356973581321
584	0.00352451375821054
585	-0.00199833955876084
586	0.0035746639846808
587	0.00547692438203777
588	0.00406267988751849
589	0.00335307986750528
590	0.00159291207280351
591	0.00458800449293392
592	0.00517882399933681
593	0.00341315648659583
594	0.00454345323084195
595	0.00217765746615883
596	0.00280602399529705
597	-7.97135358539829e-05
598	0.000505653866196796
599	-0.00139771914733108
600	-0.0010623310950141
601	0.000810980855856428
602	0.000880042228952448
603	-0.000663004502813792
604	0.00206305077075009
605	0.00217998325496292
606	0.00624666663367662
607	0.00374883015020004
608	0.0154124671308365
609	0.0243514895173635
610	0.0483836651573923
611	0.0887784475415642
612	0.131798722198455
613	0.155015310569947
614	0.209536033828815
615	0.242189342278443
616	0.312105938084311
617	0.37196691840508
618	0.445834094814756
619	0.504122013366525
620	0.555922210281581
621	0.624432565807287
622	0.682555251769931
623	0.762524174727768
624	0.812216505367058
625	0.859218503891282
626	0.845638308292568
627	0.853428516164328
628	0.790628492218418
629	0.683400158700732
630	0.570053357636007
631	0.486668377358556
632	0.390719102525094
633	0.2710947903463
634	0.199332920520035
635	0.147508466938663
636	0.0826768941072535
637	0.0463934165573416
638	0.0224600949949194
639	0.0127058591779017
640	0.0029667711773161
641	0.00277378622586218
642	0.000197081732642424
643	2.79974268181987e-05
644	0.00128049877692293
645	0.000928624099324658
646	0.00434183473030011
647	0.00507065697407599
648	0.00483687270065117
649	0.0079335909074368
650	0.00257747183497857
651	0.00129529416140641
652	0.000363328370403689
653	-0.00136807872688694
654	-0.00189633628259198
655	-0.00468499587321838
656	-0.000784496376810917
657	0.00246620374443086
658	0.00497758528263397
659	0.00317868773231783
660	0.00222743947188719
661	0.00742254430070532
662	0.00139166425785534
663	0.00394216638090898
664	0.004844252295086
665	0.0021499851285023
666	0.00147367877075386
667	0.000459926796248185
668	0.0028115237848854
669	0.00399151129614858
670	0.00210618900132341
671	0.00332472583088945
672	0.00330377937881434
673	0.00461567932409916
674	0.00354146178790774
675	0.00157707295125829
676	0.00189620628050844
677	-0.00030521995066195
678	-0.000659665244399321
679	-0.00139105473421031
680	0.00217931996462869
681	0.00224621021847615
682	0.0047373925839302
683	0.0018226270497333
684	0.00271145626404666
685	0.00230429977329316
686	0.00373446270154401
687	1.25218780449516e-05
688	0.00331538995561959
689	0.00159436082416718
690	0.00397003440189249
691	0.00056449525239972
692	-0.000716241595247823
693	0.00363631609568458
694	0.00186609831041652
695	0.00374513460087961
696	0.000555790442439735
697	0.00131701059127897
698	0.000302626161752883
699	0.00342182514180865
700	0.00334521769469899
701	0.00174358156475142
702	0.00170589343349148
703	0.0038202212613739
704	0.00296769924879091
705	0.0030359004949088
706	0.00223909272499237
707	-0.00289246286661414
708	0.00443305448334781
709	0.00157425725068734
710	0.0067523849904172
711	0.00582915853752199
712	0.00314608875709653
713	0.00232326639237944
714	0.00293421086083778
715	0.00180735926768231
716	-0.000324811479424821
717	0.00259684402474252
718	0.00644438127586647
719	0.00394628233750427
720	0.000957848911464386
721	0.00352056777861434
722	0.00388659457513694
723	0.00104283840880849
724	0.00609666337225592
725	0.000875935842660134
726	0.00432132039318528
727	0.00477572756909706
728	0.00132987732847511
729	0.00334771157157612
730	0.00370026558143306
731	5.48530840023081e-05
732	0.00517243871845019
733	0.00206374899827103
734	0.00199951879186963
735	0.00607660039664678
736	0.00248836749327994
737	0.00941678472367377
738	0.00380777774825805
739	0.00207904997482741
740	0.00348717790862318
741	0.00112418050257148
742	0.000854513557150987
743	0.00579970628894095
744	0.000592997197741684
745	0.00204699346284227
746	0.00182055547476767
747	0.000999103799927619
748	0.00121665094707437
749	-0.00141187265549188
750	0.00295407558966715
751	0.0060229133724766
752	0.000932115106832058
753	-0.00203905578249123
754	0.00507120597785469
755	0.0043589513772255
756	0.00300579115836483
757	0.00500118108093911
758	0.00185870968933272
759	0.0037326406843419
760	0.00171887876330415
761	0.00405407327164659
762	0.0041251680923501
763	0.00245442501979326
764	0.00296911759019145
765	0.00211560857349496
766	0.00103280589198482
767	0.0017020888251698
768	0.00309928210233545
769	0.00241822037260377
770	0.00260701950284053
771	0.00483906357883153
772	0.00600680094294773
773	0.00588929100350973
774	0.00538391594019114
775	0.00446746010999608
776	0.00617521603980081
777	0.00487580844263171
778	0.00437604909435482
779	0.00170676183214094
780	0.00489230998513924
