0.0000000e+00
4.9596670e-02
8.7600542e-02
1.1574656e-01
1.3947908e-01
1.6169633e-01
1.8154625e-01
1.9788296e-01
2.1141976e-01
2.2334863e-01
2.3439545e-01
2.4494990e-01
2.5524680e-01
2.6529396e-01
2.7497517e-01
2.8418350e-01
2.9289498e-01
3.0109653e-01
3.0881150e-01
3.1609724e-01
3.2300995e-01
3.2959877e-01
3.3586856e-01
3.4188427e-01
3.4764853e-01
3.5320494e-01
3.5854506e-01
3.6371942e-01
3.6873807e-01
3.7359614e-01
3.7832679e-01
3.8293881e-01
3.8744020e-01
3.9183823e-01
3.9613838e-01
4.0034367e-01
4.0446657e-01
4.0851450e-01
4.1249449e-01
4.1641284e-01
4.2027515e-01
4.2408651e-01
4.2785147e-01
4.3157420e-01
4.3525810e-01
4.3890482e-01
4.4251988e-01
4.4610628e-01
4.4966680e-01
4.5320263e-01
4.5671241e-01
4.6019369e-01
4.6364414e-01
4.6706174e-01
4.7044292e-01
4.7378177e-01
4.7708201e-01
4.8034289e-01
4.8356396e-01
4.8674504e-01
4.8988071e-01
4.9296688e-01
4.9601219e-01
4.9901748e-01
5.0198378e-01
5.0489243e-01
5.0776264e-01
5.1059647e-01
5.1338855e-01
5.1612948e-01
5.1883762e-01
5.2151361e-01
5.2413325e-01
5.2672421e-01
5.2928561e-01
5.3179331e-01
5.3427672e-01
5.3672582e-01
5.3913174e-01
5.4151784e-01
5.4385759e-01
5.4617224e-01
5.4845857e-01
5.5070573e-01
5.5294015e-01
5.5512905e-01
5.5731016e-01
5.5946169e-01
5.6160172e-01
5.6372338e-01
5.6583272e-01
5.6793141e-01
5.7001909e-01
5.7210130e-01
5.7417543e-01
5.7624734e-01
5.7831543e-01
5.8038305e-01
5.8245232e-01
5.8452235e-01
5.8659923e-01
5.8867901e-01
5.9076960e-01
5.9286692e-01
5.9497754e-01
5.9710095e-01
5.9923831e-01
6.0139677e-01
6.0356692e-01
6.0576602e-01
6.0797281e-01
6.1021289e-01
6.1246405e-01
6.1474020e-01
6.1703785e-01
6.1935081e-01
6.2169717e-01
6.2405617e-01
6.2644507e-01
6.2885666e-01
6.3128473e-01
6.3375134e-01
6.3623471e-01
6.3874359e-01
6.4128630e-01
6.4384852e-01
6.4644162e-01
6.4906777e-01
6.5171475e-01
6.5438946e-01
6.5708089e-01
6.5977664e-01
6.6247302e-01
6.6515249e-01
6.6781367e-01
6.7045350e-01
6.7304102e-01
6.7559539e-01
6.7810981e-01
6.8055197e-01
6.8295951e-01
6.8529843e-01
6.8757929e-01
6.8981856e-01
6.9197131e-01
6.9410653e-01
6.9613614e-01
6.9815864e-01
7.0008204e-01
7.0200331e-01
7.0383546e-01
7.0566762e-01
7.0743997e-01
7.0920438e-01
7.1093710e-01
7.1265351e-01
7.1435824e-01
7.1604355e-01
7.1772808e-01
7.1939750e-01
7.2106691e-01
7.2273526e-01
7.2440316e-01
7.2607550e-01
7.2775616e-01
7.2943723e-01
7.3114562e-01
7.3285400e-01
7.3459418e-01
7.3634676e-01
7.3812978e-01
7.3994556e-01
7.4178910e-01
7.4369109e-01
7.4562310e-01
7.4764043e-01
7.4970547e-01
7.5187358e-01
7.5412610e-01
7.5646048e-01
7.5893063e-01
7.6146902e-01
7.6412238e-01
7.6688331e-01
7.6971674e-01
7.7262234e-01
7.7560495e-01
7.7861548e-01
7.8163596e-01
7.8464916e-01
7.8762144e-01
7.9052635e-01
7.9336274e-01
7.9613020e-01
7.9875917e-01
8.0130976e-01
8.0379030e-01
8.0615674e-01
8.0849083e-01
8.1075984e-01
8.1299148e-01
8.1519339e-01
8.1735899e-01
8.1951412e-01
8.2164170e-01
8.2376666e-01
8.2588079e-01
8.2799591e-01
8.3011389e-01
8.3224001e-01
8.3437806e-01
8.3653740e-01
8.3871268e-01
8.4093117e-01
8.4316354e-01
8.4547311e-01
8.4781536e-01
8.5022923e-01
8.5272958e-01
8.5528738e-01
8.5795402e-01
8.6070441e-01
8.6352718e-01
8.6643667e-01
8.6944738e-01
8.7252780e-01
8.7567555e-01
8.7888519e-01
8.8215095e-01
8.8545874e-01
8.8878637e-01
8.9211932e-01
8.9544266e-01
8.9874225e-01
9.0200601e-01
9.0522347e-01
9.0841573e-01
9.1159215e-01
9.1476073e-01
9.1792917e-01
9.2110920e-01
9.2431293e-01
9.2754817e-01
9.3082517e-01
9.3415612e-01
9.3755590e-01
9.4104790e-01
9.4466127e-01
9.4841647e-01
9.5235249e-01
9.5652291e-01
9.6102213e-01
9.6602676e-01
9.7173797e-01
9.7893899e-01
1.0000000e+00
