0.0000000e+00
5.3547627e-02
9.1039255e-02
1.1735072e-01
1.3980305e-01
1.6174584e-01
1.8205252e-01
1.9874206e-01
2.1243555e-01
2.2459210e-01
2.3605499e-01
2.4728679e-01
2.5859718e-01
2.6972612e-01
2.8022433e-01
2.8987621e-01
2.9860265e-01
3.0651309e-01
3.1382616e-01
3.2069447e-01
3.2725505e-01
3.3359043e-01
3.3973628e-01
3.4575954e-01
3.5168494e-01
3.5752823e-01
3.6325642e-01
3.6885600e-01
3.7428379e-01
3.7955310e-01
3.8464564e-01
3.8954479e-01
3.9427138e-01
3.9882674e-01
4.0321675e-01
4.0746064e-01
4.1158197e-01
4.1560091e-01
4.1953422e-01
4.2339608e-01
4.2719866e-01
4.3095251e-01
4.3466699e-01
4.3835047e-01
4.4201062e-01
4.4565459e-01
4.4928913e-01
4.5291841e-01
4.5654125e-01
4.6015284e-01
4.6374812e-01
4.6732228e-01
4.7087088e-01
4.7438855e-01
4.7786863e-01
4.8131063e-01
4.8471187e-01
4.8807020e-01
4.9138402e-01
4.9465223e-01
4.9787101e-01
5.0103103e-01
5.0414332e-01
5.0720956e-01
5.1023156e-01
5.1320028e-01
5.1611823e-01
5.1899636e-01
5.2183660e-01
5.2462238e-01
5.2736722e-01
5.3007890e-01
5.3274663e-01
5.3536938e-01
5.3796370e-01
5.4051704e-01
5.4302905e-01
5.4551729e-01
5.4796021e-01
5.5037288e-01
5.5276238e-01
5.5510551e-01
5.5743342e-01
5.5972669e-01
5.6199710e-01
5.6424794e-01
5.6646766e-01
5.6867860e-01
5.7085442e-01
5.7302292e-01
5.7516565e-01
5.7729648e-01
5.7940878e-01
5.8150614e-01
5.8359048e-01
5.8565808e-01
5.8771679e-01
5.8975793e-01
5.9179317e-01
5.9381082e-01
5.9582463e-01
5.9782141e-01
5.9981574e-01
6.0179408e-01
6.0377080e-01
6.0573303e-01
6.0769408e-01
6.0964239e-01
6.1158966e-01
6.1352605e-01
6.1546137e-01
6.1738768e-01
6.1931280e-01
6.2123073e-01
6.2314737e-01
6.2505854e-01
6.2696835e-01
6.2887427e-01
6.3077888e-01
6.3268102e-01
6.3458203e-01
6.3648179e-01
6.3838078e-01
6.4027953e-01
6.4217809e-01
6.4407721e-01
6.4597689e-01
6.4787774e-01
6.4978013e-01
6.5168404e-01
6.5359053e-01
6.5549863e-01
6.5741027e-01
6.5932353e-01
6.6124135e-01
6.6316072e-01
6.6508576e-01
6.6701227e-01
6.6894559e-01
6.7088031e-01
6.7282300e-01
6.7476707e-01
6.7672026e-01
6.7867489e-01
6.8063973e-01
6.8260622e-01
6.8458391e-01
6.8656364e-01
6.8855543e-01
6.9054993e-01
6.9255710e-01
6.9456799e-01
6.9659190e-01
6.9862095e-01
7.0066292e-01
7.0271133e-01
7.0477097e-01
7.0683772e-01
7.0891280e-01
7.1099531e-01
7.1308340e-01
7.1517877e-01
7.1727736e-01
7.1938246e-01
7.2148896e-01
7.2360049e-01
7.2571249e-01
7.2782677e-01
7.2994101e-01
7.3205512e-01
7.3416809e-01
7.3627931e-01
7.3838753e-01
7.4049317e-01
7.4259325e-01
7.4469066e-01
7.4677935e-01
7.4886595e-01
7.5094068e-01
7.5301412e-01
7.5507776e-01
7.5714069e-01
7.5919907e-01
7.6125736e-01
7.6331533e-01
7.6537474e-01
7.6743713e-01
7.6950348e-01
7.7157520e-01
7.7365454e-01
7.7574062e-01
7.7783946e-01
7.7994515e-01
7.8207065e-01
7.8420148e-01
7.8636175e-01
7.8852865e-01
7.9072803e-01
7.9294302e-01
7.9518694e-01
7.9746243e-01
7.9975872e-01
8.0210848e-01
8.0447879e-01
8.0689679e-01
8.0935292e-01
8.1183534e-01
8.1437922e-01
8.1695403e-01
8.1956153e-01
8.2223172e-01
8.2493585e-01
8.2767609e-01
8.3047480e-01
8.3331636e-01
8.3619742e-01
8.3912155e-01
8.4210499e-01
8.4512961e-01
8.4819631e-01
8.5130553e-01
8.5446385e-01
8.5766325e-01
8.6089456e-01
8.6415347e-01
8.6743502e-01
8.7073367e-01
8.7404374e-01
8.7735560e-01
8.8066248e-01
8.8395824e-01
8.8723703e-01
8.9049345e-01
8.9371718e-01
8.9690203e-01
9.0004829e-01
9.0315834e-01
9.0623711e-01
9.0929068e-01
9.1233453e-01
9.1537902e-01
9.1843115e-01
9.2149920e-01
9.2460506e-01
9.2775280e-01
9.3095398e-01
9.3422310e-01
9.3757889e-01
9.4105208e-01
9.4468261e-01
9.4850080e-01
9.5256680e-01
9.5697943e-01
9.6196889e-01
9.6780655e-01
1.0000000e+00
